[7] [5] [6] 3 
0.011794805526733398

[49] [24] [47] 3 
0.04693293571472168

[163] [54] [161] 3 
0.4802205562591553

[385] [96] [383] 3 
2.660763740539551

[751] [150] [749] 3 
10.762685537338257

[1297] [216] [1295] 3 
36.02025032043457

[2059] [294] [2057] 3 
104.92949795722961

[3073] [384] [3071] 3 
275.49890065193176

[4375] [486] [4373] 3 
650.8171677589417

[6001] [600] [5999] 3 
1425.5561554431915

[7987] [726] [7985] 3 
2887.6709604263306

[10369] [864] [10367] 3 
5497.345803976059

[13183] [1014] [13181] 3 
9949.647993803024

[16465] [1176] [16463] 3 
17321.78147292137

[20251] [1350] [20249] 3 
29067.253980875015

[24577] [1536] [24575] 3 
47135.48450469971

